42433136
41667698
41250989
40058980
41210851
38189425
40673014
40569067
40138925
40585732
39440423
39974194
39379466
36148698
34486496
36443048
36369889
35177220
32971013
33228435
31557190
31343740
31234061
31487630
31136991
31094790
30688668
30317927
30234780
30825907
29267172
30295110
30527125
27926640
27609819
27520604
26844488
26711734
26479038
26362531
26077816
26391409
26287789
26287782
23045462
23635741
23911383
24165327
24351805
24637620
25200856
25561694
25693057
25806090
25915203
26105355
26105611
26311451
27255227
27899314
28012458
28209494
28461601
28542803
28871576
28961633
28962690
29111423
29150171
29544467
29677687
29707880
29855344
29894501
31864208
31990902
32085575
32336238
32856716
32889166
32890270
32981372
33252700
33254097
33453366
33581001
33879252
34461666
36334725
36580212
37113621
37300367
37470772
37481613
37591113
38189116
38253981
38563390
38588914
7485291
8803899
9814682
15738035
16678332
16738162
18571828
18574072
18949985
19300330
2187247
22749786
26105237
22311907
22952728
21880804
22018452
21606387
21418159
21415724
21252803
21792337
20956209
20551845
20022586
20357423
