42433136
41666648
41525138
41667698
41250989
41106578
41232169
40058980
41296480
41210851
38189425
40673014
40569067
40138925
40585732
39440423
40199872
39974194
39379466
39509924
38842709
38588914
38253981
37211009
36347504
38563390
38189116
37801800
37481613
37369375
37591113
37470772
37435795
37300367
37464308
36965061
36403860
37292200
37113621
35983848
36148652
36334725
36227697
36580212
36148698
35963155
34486496
36443048
36369889
35866241
34996340
35228109
35462351
35260099
35063900
33758348
35177225
35177220
32971013
32275184
34480133
34464917
34352849
33228435
34461666
33453366
34043700
33581001
33879252
33666502
33254097
33341795
32889166
33252700
32981372
32338084
32890270
32247845
32856716
31990902
32336238
32093926
32020602
32075602
32085575
31864208
31809427
31130051
31622409
31557190
31343740
31234061
31487637
31487630
31055131
31136991
31094790
31109316
30688668
30317927
30234780
30825924
30825907
29267172
30383796
30295110
30527125
29704672
29939940
29939936
29894501
29707880
29677687
29855344
29544467
29172803
29150171
28961633
29111423
28962690
28941881
28858635
28542803
28871576
28569919
27255227
28461601
28209494
27899314
27998690
29291358
28012458
27926640
27609819
27520604
27251704
27173354
27116985
26844488
26711734
26731265
26479038
26333286
26694356
26362531
26501535
26077816
25626412
26391409
26287789
26287782
25946029
25915203
25892082
26311451
25693057
25806090
25561694
25877604
24846698
25634310
25200856
24746997
24165327
24535301
24091485
24637620
24351805
23911383
23993394
23635741
23452733
23045462
26105611
22749786
26105355
26105237
22311907
22952728
21880804
21673281
22018452
21606387
21418159
21415724
21252803
21792337
20956209
20551845
20537304
20214506
20587434
20502423
20022586
20357423
19375795
19318931
19300330
18571828
18949985
18574072
18259010
16678332
16738162
17065036
15738035
14998977
12634661
11969345
11857095
11248284
11165727
10975485
10854861
9814682
8803899
7485291
2187247
